onset,label,pred,proba,n_samples,valid
1.0,2,1,0.9968,1000,1
9.012,1,1,0.9856,1000,1
16.684,1,1,0.9908,1000,1
40.968,2,1,0.9318,1000,1
64.56,1,1,0.9751,1000,1
80.176,1,1,0.8961,1000,1
87.756,1,2,0.79,1000,1
95.644,2,2,0.702,1000,1
119.768,2,2,0.7888,620,1
169.072,2,2,0.5257,1000,1
176.72,2,1,0.5787,1000,1
192.656,1,1,0.5858,1000,1
200.5,2,1,0.8561,1000,1
208.916,2,2,0.5015,1000,1
216.932,2,2,0.6585,1000,1
241.22,1,2,0.5091,1000,1
258.016,1,1,0.7598,1000,1
274.552,1,2,0.594,1000,1
290.888,1,1,0.9045,1000,1
306.628,1,2,0.8278,1000,1
314.328,2,2,0.6447,1000,1
347.0,1,1,0.6553,1000,1
354.624,2,2,0.5156,1000,1
370.792,2,2,0.684,1000,1
