onset,label,pred,proba,n_samples,valid,decision_delay
1.0,1,1,0.988,1000,1,1.1017
9.012000000000626,1,1,0.9995,1000,1,1.0298
24.49200000000019,2,2,0.9999,1000,1,1.1541
32.52399999999943,1,1,1.0,1000,1,1.0976
48.63600000000042,1,1,0.9216,1000,1,1.1379
64.55999999999949,2,2,0.9971,1000,1,1.1302
80.17599999999948,1,1,0.7686,1000,1,1.0287
103.42000000000007,1,1,0.6557,1000,1,1.0825
119.76800000000003,2,2,0.9992,1000,1,1.1672
160.7520000000004,1,1,0.8813,1000,1,1.0897
176.71999999999935,2,2,1.0,1000,1,1.0441
192.65600000000086,2,2,1.0,1000,1,1.0304
200.5,1,1,0.9929,1000,1,1.0847
216.9320000000007,2,2,0.9991,1000,1,1.0435
224.83200000000033,1,1,0.9984,1000,1,1.1166
249.64799999999923,1,1,0.9718,1000,1,1.0986
282.8079999999991,2,2,0.9998,1000,1,1.0422
290.88800000000083,1,1,0.8411,1000,1,1.0358
298.77599999999984,2,2,1.0,1000,1,1.1246
314.3279999999995,2,2,0.9995,1000,1,1.1595
338.52399999999943,2,2,1.0,1000,1,1.1943
347.0,2,2,0.9972,1000,1,1.083
354.6239999999998,2,2,1.0,1000,1,1.22
379.02800000000025,1,2,0.9857,1000,1,1.018
