sec,n_expected,n_samples,n_chunks,n_gaps,gap_s,lat_mean,lat_max,ia_mean,ia_std,ia_max,preds,exceptions
0,250,250,25,0,0.0,0.00259,0.00499,0.03993,0.0019,0.04085,0,0
1,250,250,25,0,0.0,0.00269,0.00519,0.03996,0.00187,0.04083,0,0
2,250,250,25,0,0.0,0.0026,0.00501,0.04,0.00186,0.04085,0,0
3,250,250,25,0,0.0,0.00235,0.00464,0.04003,0.00187,0.041,0,0
4,250,28,3,0,0.0,0.00612,0.01227,0.04081,1e-05,0.04082,0,0
5,250,72,8,1,1.6,0.00287,0.00501,0.23509,0.51597,1.60022,0,0
6,250,250,25,0,0.0,0.00252,0.00488,0.03981,0.00204,0.04085,0,0
7,250,250,25,0,0.0,0.00272,0.00508,0.04019,0.00166,0.04084,1,0
8,250,250,25,0,0.0,0.00266,0.00507,0.03983,0.00208,0.04208,0,0
9,250,250,25,0,0.0,0.00274,0.00518,0.03999,0.00187,0.04087,0,0
10,250,250,25,0,0.0,0.00275,0.00519,0.04,0.00188,0.04094,0,0
11,250,17,2,0,0.0,0.00769,0.01411,0.04083,1e-05,0.04084,0,0
12,250,83,9,1,1.6,0.00259,0.00461,0.21349,0.49024,1.6001,0,0
13,250,250,25,0,0.0,0.00279,0.0052,0.03998,0.00186,0.04085,0,0
14,250,250,25,0,0.0,0.0026,0.00506,0.03999,0.00187,0.04091,0,0
15,250,250,25,0,0.0,0.00259,0.00506,0.04,0.00187,0.04088,1,0
16,250,250,25,0,0.0,0.00255,0.0051,0.04002,0.00178,0.04087,0,0
17,250,250,25,0,0.0,0.00259,0.00507,0.03997,0.00188,0.04087,0,0
18,250,250,25,0,0.0,0.00271,0.00506,0.03998,0.00187,0.04084,0,0
19,250,109,11,0,0.0,0.0029,0.00515,0.0399,0.00197,0.04094,0,0
20,250,0,0,0,1.0,,,,,,0,0
21,250,241,25,1,1.6,0.00289,0.00518,0.10255,0.30565,1.59992,0,0
22,250,250,25,0,0.0,0.00245,0.00485,0.03997,0.00187,0.04083,0,0
23,250,250,25,0,0.0,0.00273,0.00519,0.03998,0.00187,0.04083,0,0
24,250,250,25,0,0.0,0.00269,0.00517,0.03997,0.00187,0.04084,0,0
25,250,250,25,0,0.0,0.00266,0.00512,0.03996,0.00187,0.04086,0,0
26,250,250,25,0,0.0,0.00273,0.00524,0.03998,0.00186,0.04087,0,0
27,250,250,25,0,0.0,0.00276,0.00527,0.04001,0.00188,0.04103,0,0
28,250,143,15,0,0.0,0.00464,0.03166,0.04012,0.00173,0.04083,0,0
29,250,0,0,0,1.0,,,,,,0,0
30,250,207,21,1,1.6,0.00277,0.00502,0.11417,0.33254,1.60131,1,0
31,250,250,25,0,0.0,0.00258,0.0052,0.04002,0.00189,0.04138,0,0
32,250,250,25,0,0.0,0.00275,0.00518,0.04,0.00188,0.04088,0,0
33,250,250,25,0,0.0,0.00266,0.00501,0.03999,0.00188,0.04086,0,0
34,250,250,25,0,0.0,0.00273,0.00517,0.03998,0.00186,0.04087,0,0
35,250,192,20,0,0.0,0.0044,0.03348,0.04002,0.00182,0.04084,0,0
36,250,0,0,0,1.0,,,,,,0,0
37,250,158,16,1,1.6,0.00247,0.00476,0.13762,0.37759,1.60001,0,0
38,250,250,25,0,0.0,0.00268,0.00509,0.04,0.00188,0.0409,1,0
39,250,250,25,0,0.0,0.00297,0.00504,0.04006,0.00177,0.04086,0,0
40,250,250,25,0,0.0,0.00276,0.00515,0.04,0.00187,0.04097,0,0
41,250,250,25,0,0.0,0.00261,0.00504,0.03999,0.00186,0.04085,0,0
42,250,250,25,0,0.0,0.00256,0.00499,0.03999,0.00187,0.04083,0,0
43,250,6,1,0,0.0,0.01625,0.01625,0.03574,0.0,0.03574,0,0
44,250,94,10,1,1.6,0.00261,0.00501,0.19629,0.46815,1.60075,0,0
45,250,250,25,0,0.0,0.00258,0.00484,0.04001,0.00187,0.04086,0,0
46,250,250,25,0,0.0,0.0028,0.00513,0.03999,0.00187,0.04084,0,0
47,250,250,25,0,0.0,0.00271,0.00515,0.03999,0.00187,0.04086,0,0
48,250,250,25,0,0.0,0.00273,0.00516,0.04,0.00188,0.04092,0,0
49,250,250,25,0,0.0,0.00261,0.00522,0.04002,0.00188,0.04098,0,0
50,250,250,25,0,0.0,0.00267,0.00517,0.04,0.00188,0.04087,0,0
51,250,18,2,0,0.0,0.00885,0.01327,0.04083,1e-05,0.04084,0,0
52,250,82,9,1,1.6,0.0024,0.00469,0.21305,0.48901,1.59617,0,0
53,250,250,25,0,0.0,0.0027,0.0051,0.03997,0.00187,0.04083,0,0
54,250,250,25,0,0.0,0.0027,0.0051,0.04,0.00187,0.04086,1,0
55,250,250,25,0,0.0,0.00285,0.00522,0.04002,0.00183,0.04089,0,0
56,250,250,25,0,0.0,0.0027,0.00508,0.03998,0.00187,0.04087,0,0
57,250,250,25,0,0.0,0.00264,0.00508,0.03998,0.00187,0.04083,0,0
58,250,250,25,0,0.0,0.00259,0.00495,0.03996,0.00187,0.04083,0,0
59,250,159,16,0,0.0,0.00288,0.00771,0.04019,0.00169,0.04106,0,0
60,250,0,0,0,1.0,,,,,,0,0
61,250,191,20,1,1.6,0.00262,0.005,0.11797,0.33989,1.59949,0,0
62,250,250,25,0,0.0,0.0026,0.00508,0.04001,0.00187,0.04088,0,0
63,250,250,25,0,0.0,0.00278,0.00518,0.03999,0.00187,0.04086,0,0
64,250,250,25,0,0.0,0.00244,0.00484,0.03999,0.00187,0.04085,0,0
65,250,250,25,0,0.0,0.00281,0.00507,0.03999,0.00188,0.04094,0,0
66,250,250,25,0,0.0,0.00272,0.00518,0.04,0.00187,0.04111,0,0
67,250,250,25,0,0.0,0.0028,0.0052,0.04001,0.00188,0.04101,0,0
68,250,75,8,0,0.0,0.00572,0.02417,0.04019,0.00169,0.04087,0,0
69,250,25,3,1,1.6,0.00288,0.00458,0.5587,0.73602,1.59959,0,0
70,250,250,25,0,0.0,0.00275,0.00519,0.0402,0.00167,0.04091,1,0
71,250,250,25,0,0.0,0.0026,0.00505,0.03982,0.00206,0.04158,0,0
72,250,250,25,0,0.0,0.00247,0.00481,0.04001,0.00186,0.0409,0,0
73,250,250,25,0,0.0,0.00283,0.00522,0.04001,0.00187,0.04093,0,0
74,250,250,25,0,0.0,0.0027,0.00516,0.04,0.00187,0.04086,0,0
75,250,250,25,0,0.0,0.00265,0.00501,0.04,0.00188,0.041,0,0
76,250,33,4,0,0.0,0.01036,0.03252,0.04078,1e-05,0.04079,0,0
77,250,67,7,1,1.6,0.00294,0.005,0.26276,0.54576,1.5996,0,0
78,250,250,25,0,0.0,0.00256,0.00511,0.03998,0.00187,0.04083,0,0
79,250,250,25,0,0.0,0.00271,0.00509,0.03999,0.00186,0.04082,0,0
80,250,250,25,0,0.0,0.00282,0.00516,0.04001,0.00187,0.04088,0,0
81,250,250,25,0,0.0,0.00295,0.00512,0.04004,0.00186,0.04098,0,0
82,250,136,14,0,0.0,0.00379,0.01653,0.03974,0.00208,0.04094,0,0
83,250,0,0,0,1.0,,,,,,0,0
84,250,214,22,1,1.6,0.00274,0.00522,0.111,0.32505,1.60055,0,0
85,250,250,25,0,0.0,0.00259,0.00501,0.03999,0.00187,0.04085,0,0
86,250,250,25,0,0.0,0.00255,0.0049,0.03996,0.00187,0.04081,1,0
87,250,250,25,0,0.0,0.00269,0.00517,0.04005,0.00192,0.04203,0,0
88,250,250,25,0,0.0,0.00281,0.00509,0.04002,0.00187,0.04092,0,0
89,250,250,25,0,0.0,0.00265,0.00518,0.04001,0.00187,0.04089,0,0
90,250,250,25,0,0.0,0.00267,0.00518,0.04002,0.00188,0.04096,0,0
91,250,144,15,0,0.0,0.00414,0.0249,0.03982,0.00205,0.04087,0,0
92,250,0,0,0,1.0,,,,,,0,0
93,250,206,21,1,1.6,0.00238,0.00487,0.11433,0.33227,1.60027,0,0
94,250,250,25,0,0.0,0.00262,0.00497,0.03999,0.00187,0.04086,0,0
95,250,250,25,0,0.0,0.00262,0.005,0.03997,0.00186,0.04082,0,0
96,250,250,25,0,0.0,0.00266,0.00507,0.04002,0.00188,0.04092,0,0
97,250,250,25,0,0.0,0.00265,0.00517,0.03999,0.00187,0.04085,0,0
98,250,223,23,0,0.0,0.00395,0.0322,0.04014,0.00172,0.04089,0,0
99,250,0,0,0,1.0,,,,,,0,0
100,250,127,13,1,1.6,0.00278,0.00486,0.16002,0.41588,1.60066,0,0
101,250,250,25,0,0.0,0.00267,0.00519,0.03998,0.00187,0.04083,0,0
102,250,250,25,0,0.0,0.0026,0.00508,0.03999,0.00187,0.04087,0,0
103,250,250,25,0,0.0,0.00308,0.0052,0.04003,0.00186,0.04092,0,0
104,250,250,25,0,0.0,0.00267,0.00508,0.03998,0.00188,0.04091,0,0
105,250,214,22,0,0.0,0.0036,0.02526,0.03988,0.00198,0.04093,0,0
106,250,0,0,0,1.0,,,,,,0,0
107,250,136,14,1,1.6,0.00249,0.00494,0.15142,0.40165,1.59958,0,0
108,250,250,25,0,0.0,0.00275,0.00518,0.04001,0.00186,0.04093,0,0
109,250,250,25,0,0.0,0.00274,0.00512,0.04,0.00187,0.04086,1,0
110,250,250,25,0,0.0,0.00251,0.00478,0.04005,0.00189,0.04161,0,0
111,250,250,25,0,0.0,0.00275,0.00506,0.04001,0.00186,0.04088,0,0
112,250,250,25,0,0.0,0.00259,0.00517,0.04003,0.00186,0.04092,0,0
113,250,250,25,0,0.0,0.00267,0.00492,0.04005,0.00187,0.04096,0,0
114,250,82,9,0,0.0,0.0057,0.0339,0.03967,0.00213,0.04084,0,0
115,250,18,2,1,1.6,0.00221,0.00266,0.82038,0.77948,1.59986,0,0
116,250,250,25,0,0.0,0.00268,0.0051,0.04,0.00187,0.04094,0,0
117,250,250,25,0,0.0,0.00275,0.00517,0.03998,0.00187,0.04084,0,0
118,250,250,25,0,0.0,0.00261,0.00507,0.03999,0.00187,0.04087,0,0
119,250,250,25,0,0.0,0.00279,0.00522,0.03998,0.00187,0.04085,0,0
120,250,250,25,0,0.0,0.00257,0.00496,0.04,0.00187,0.04094,0,0
121,250,250,25,0,0.0,0.00281,0.0052,0.04001,0.00189,0.04096,0,0
122,250,106,11,0,0.0,0.00447,0.01684,0.03993,0.00199,0.04093,0,0
123,250,0,0,0,1.0,,,,,,0,0
124,250,244,25,1,1.6,0.00274,0.00512,0.10239,0.30581,1.60054,0,0
125,250,250,25,0,0.0,0.00295,0.0052,0.04018,0.00166,0.04087,1,0
126,250,250,25,0,0.0,0.00266,0.00511,0.03982,0.00207,0.04169,0,0
127,250,250,25,0,0.0,0.00283,0.00513,0.04,0.00186,0.04092,0,0
128,250,250,25,0,0.0,0.00268,0.00511,0.04,0.00186,0.04087,0,0
129,250,250,25,0,0.0,0.00272,0.00506,0.03999,0.00186,0.04089,0,0
130,250,250,25,0,0.0,0.00263,0.00493,0.04002,0.00187,0.04097,0,0
131,250,189,19,0,0.0,0.00291,0.00554,0.04002,0.00186,0.04088,0,0
132,250,0,0,0,1.0,,,,,,0,0
133,250,161,17,1,1.6,0.00292,0.00506,0.13197,0.36724,1.60093,0,0
134,250,250,25,0,0.0,0.00262,0.00505,0.03997,0.00187,0.04082,0,0
135,250,250,25,0,0.0,0.00269,0.0051,0.03997,0.00186,0.04081,0,0
136,250,250,25,0,0.0,0.00269,0.00509,0.03997,0.00187,0.04082,0,0
137,250,250,25,0,0.0,0.00247,0.00482,0.04,0.00187,0.04091,0,0
138,250,247,25,0,0.0,0.00304,0.01485,0.04,0.00187,0.0409,0,0
139,250,0,0,0,1.0,,,,,,0,0
140,250,103,11,1,1.6,0.00269,0.0049,0.18168,0.44862,1.60033,0,0
141,250,250,25,0,0.0,0.00265,0.0051,0.03999,0.00186,0.04087,0,0
142,250,250,25,0,0.0,0.00278,0.00516,0.03999,0.00186,0.04084,0,0
143,250,250,25,0,0.0,0.00266,0.00501,0.04002,0.00188,0.04092,0,0
144,250,250,25,0,0.0,0.00266,0.00504,0.03998,0.00187,0.04088,0,0
145,250,250,25,0,0.0,0.00247,0.00479,0.04001,0.00187,0.04088,0,0
146,250,250,25,0,0.0,0.0028,0.00521,0.04002,0.00188,0.04119,0,0
147,250,250,25,0,0.0,0.00271,0.00502,0.04,0.00187,0.0409,0,0
148,250,116,12,0,0.0,0.00407,0.01671,0.03994,0.0019,0.04083,0,0
149,250,0,0,0,1.0,,,,,,0,0
150,250,234,24,1,1.6,0.00283,0.00511,0.10499,0.31206,1.60158,0,0
151,250,250,25,0,0.0,0.00256,0.00496,0.04,0.00187,0.0409,0,0
152,250,250,25,0,0.0,0.00269,0.00519,0.03998,0.00187,0.04085,0,0
153,250,250,25,0,0.0,0.0028,0.00519,0.04001,0.00187,0.04093,0,0
154,250,250,25,0,0.0,0.0028,0.00518,0.04001,0.00186,0.04089,0,0
155,250,178,18,0,0.0,0.00322,0.01294,0.04023,0.00161,0.04091,0,0
156,250,0,0,0,1.0,,,,,,0,0
157,250,172,18,1,1.6,0.00249,0.005,0.12656,0.35728,1.59965,0,0
158,250,250,25,0,0.0,0.00274,0.00515,0.03998,0.00187,0.04084,0,0
159,250,250,25,0,0.0,0.00267,0.00506,0.03999,0.00188,0.0409,0,0
160,250,250,25,0,0.0,0.00261,0.00479,0.04003,0.00187,0.04095,0,0
161,250,250,25,0,0.0,0.0028,0.00516,0.04002,0.00187,0.0409,0,0
162,250,250,25,0,0.0,0.00274,0.00501,0.04002,0.00187,0.04089,0,0
163,250,250,25,0,0.0,0.00253,0.00476,0.04001,0.00187,0.04089,0,0
164,250,9,1,0,0.0,0.0091,0.0091,0.04085,0.0,0.04085,0,0
165,250,91,10,1,1.6,0.00257,0.00542,0.19576,0.46819,1.60032,0,0
166,250,250,25,0,0.0,0.00281,0.0052,0.03999,0.00187,0.04085,1,0
167,250,250,25,0,0.0,0.00272,0.00518,0.04001,0.00188,0.04144,0,0
168,250,250,25,0,0.0,0.00277,0.00523,0.03998,0.00186,0.04085,0,0
169,250,250,25,0,0.0,0.00267,0.00516,0.03999,0.00188,0.04092,0,0
170,250,250,25,0,0.0,0.00251,0.00467,0.04003,0.00187,0.04088,0,0
171,250,250,25,0,0.0,0.00287,0.00522,0.04002,0.00188,0.04113,0,0
172,250,168,17,0,0.0,0.00304,0.00985,0.03991,0.00194,0.04087,0,0
173,250,0,0,0,1.0,,,,,,0,0
174,250,182,19,1,1.6,0.00265,0.00501,0.12207,0.34831,1.59981,0,0
175,250,250,25,0,0.0,0.00257,0.00499,0.04,0.00187,0.04087,0,0
176,250,250,25,0,0.0,0.00261,0.00499,0.04,0.00187,0.04086,0,0
177,250,250,25,0,0.0,0.00267,0.00502,0.04,0.00187,0.04088,0,0
178,250,250,25,0,0.0,0.00271,0.00506,0.03998,0.00187,0.04083,0,0
179,250,121,13,0,0.0,0.00539,0.03794,0.04009,0.00185,0.0411,0,0
180,250,0,0,0,1.0,,,,,,0,0
181,250,229,23,1,1.6,0.00283,0.0051,0.10795,0.31812,1.60005,0,0
182,250,250,25,0,0.0,0.00243,0.0049,0.03998,0.00187,0.04087,1,0
183,250,250,25,0,0.0,0.0026,0.00499,0.04002,0.00179,0.04086,0,0
184,250,250,25,0,0.0,0.00262,0.00517,0.03997,0.00187,0.04084,0,0
185,250,250,25,0,0.0,0.00257,0.00497,0.04,0.00187,0.04091,0,0
186,250,250,25,0,0.0,0.00261,0.00518,0.03998,0.00187,0.04086,0,0
187,250,250,25,0,0.0,0.00291,0.0052,0.04002,0.00188,0.04114,0,0
188,250,93,10,0,0.0,0.00546,0.02962,0.03977,0.00205,0.04081,0,0
189,250,7,1,1,1.6,0.00115,0.00115,1.59953,0.0,1.59953,0,0
190,250,250,25,0,0.0,0.00272,0.00518,0.03997,0.00188,0.04089,0,0
191,250,250,25,0,0.0,0.00277,0.00506,0.04017,0.00165,0.04081,0,0
192,250,250,25,0,0.0,0.00275,0.0052,0.03998,0.00187,0.04086,0,0
193,250,250,25,0,0.0,0.00263,0.00499,0.03999,0.00187,0.04084,0,0
194,250,250,25,0,0.0,0.00273,0.00516,0.04,0.00187,0.04086,0,0
195,250,250,25,0,0.0,0.00289,0.00511,0.04003,0.00187,0.04098,0,0
196,250,250,25,0,0.0,0.00269,0.00507,0.04001,0.00188,0.04087,0,0
197,250,13,2,0,0.0,0.01503,0.02944,0.03825,0.00257,0.04082,0,0
198,250,87,9,1,1.6,0.00276,0.00477,0.2136,0.49041,1.60069,1,0
199,250,250,25,0,0.0,0.00258,0.00501,0.04004,0.00188,0.04149,0,0
200,250,250,25,0,0.0,0.00239,0.0047,0.03982,0.00204,0.04103,0,0
201,250,250,25,0,0.0,0.00292,0.00522,0.04002,0.00187,0.0409,0,0
202,250,250,25,0,0.0,0.00271,0.00512,0.04005,0.00187,0.04099,0,0
203,250,250,25,0,0.0,0.00269,0.00512,0.04002,0.00186,0.04085,0,0
204,250,78,8,0,0.0,0.00396,0.0119,0.04018,0.0017,0.04084,0,0
205,250,22,3,1,1.6,0.00224,0.00477,0.55915,0.73661,1.60087,0,0
206,250,250,25,0,0.0,0.00282,0.00517,0.03998,0.00187,0.04085,1,0
207,250,250,25,0,0.0,0.00273,0.00517,0.04003,0.0019,0.042,0,0
208,250,250,25,0,0.0,0.00269,0.00519,0.04,0.00187,0.04089,0,0
209,250,250,25,0,0.0,0.00266,0.00504,0.03998,0.00187,0.04084,0,0
210,250,250,25,0,0.0,0.00277,0.00518,0.03998,0.00187,0.04083,0,0
211,250,250,25,0,0.0,0.00272,0.0052,0.04004,0.00189,0.04142,0,0
212,250,250,25,0,0.0,0.00268,0.00507,0.04,0.00187,0.04097,0,0
213,250,77,8,0,0.0,0.00422,0.01507,0.04019,0.00169,0.04085,0,0
214,250,23,3,1,1.6,0.00384,0.00468,0.56054,0.73496,1.59992,0,0
215,250,250,25,0,0.0,0.00272,0.0052,0.03999,0.00187,0.04087,0,0
216,250,250,25,0,0.0,0.0026,0.00515,0.03998,0.00187,0.04086,0,0
217,250,250,25,0,0.0,0.00256,0.00482,0.04001,0.00187,0.0409,0,0
218,250,250,25,0,0.0,0.0026,0.00518,0.03999,0.00187,0.04089,0,0
219,250,250,25,0,0.0,0.00264,0.00515,0.04,0.00187,0.04107,0,0
220,250,172,18,0,0.0,0.00445,0.03534,0.03995,0.0019,0.04086,0,0
221,250,0,0,0,1.0,,,,,,0,0
222,250,178,18,1,1.6,0.0028,0.0052,0.12662,0.35753,1.60072,1,0
223,250,250,25,0,0.0,0.00263,0.00502,0.04002,0.00189,0.04128,0,0
224,250,250,25,0,0.0,0.00273,0.00514,0.04001,0.00188,0.04092,0,0
225,250,250,25,0,0.0,0.00266,0.00516,0.03999,0.00187,0.04085,0,0
226,250,250,25,0,0.0,0.00245,0.00489,0.03998,0.00188,0.04086,0,0
227,250,250,25,0,0.0,0.00259,0.00495,0.04,0.00185,0.0409,0,0
228,250,190,19,0,0.0,0.00276,0.00517,0.04001,0.00186,0.04088,0,0
229,250,0,0,0,1.0,,,,,,0,0
230,250,160,16,1,1.6,0.00238,0.00468,0.13994,0.38781,1.6419,1,0
231,250,250,25,0,0.0,0.00256,0.0047,0.04007,0.00177,0.04097,0,0
232,250,250,25,0,0.0,0.00268,0.00516,0.03999,0.00187,0.0409,0,0
233,250,250,25,0,0.0,0.0027,0.00517,0.03999,0.00187,0.04086,0,0
234,250,250,25,0,0.0,0.0028,0.00518,0.04001,0.00187,0.04088,0,0
235,250,51,6,0,0.0,0.00854,0.03888,0.03996,0.0019,0.04089,0,0
236,250,49,5,1,1.6,0.00219,0.00443,0.35179,0.62443,1.60063,0,0
237,250,250,25,0,0.0,0.0028,0.00505,0.04001,0.00188,0.04091,0,0
238,250,250,25,0,0.0,0.00266,0.00511,0.03999,0.00186,0.04087,0,0
239,250,250,25,0,0.0,0.00268,0.00515,0.04,0.00188,0.04088,0,0
240,250,250,25,0,0.0,0.00272,0.00511,0.03998,0.00187,0.04083,0,0
241,250,250,25,0,0.0,0.00274,0.00515,0.03998,0.00187,0.04082,0,0
242,250,250,25,0,0.0,0.00264,0.00504,0.03998,0.00187,0.04084,0,0
243,250,250,25,0,0.0,0.00243,0.00491,0.04,0.00186,0.04099,0,0
244,250,78,8,0,0.0,0.0037,0.00978,0.0402,0.00169,0.04086,0,0
245,250,22,3,1,1.6,0.00318,0.00403,0.56075,0.73524,1.60054,0,0
246,250,250,25,0,0.0,0.00266,0.00505,0.04,0.00187,0.04087,0,0
247,250,250,25,0,0.0,0.00255,0.00486,0.04002,0.00188,0.04091,0,0
248,250,250,25,0,0.0,0.00254,0.00515,0.04001,0.00187,0.04086,0,0
249,250,250,25,0,0.0,0.00275,0.00521,0.04,0.00188,0.04094,0,0
250,250,250,25,0,0.0,0.00284,0.00522,0.03982,0.00204,0.04096,0,0
251,250,250,25,0,0.0,0.00274,0.00507,0.04018,0.00166,0.04084,0,0
252,250,96,10,0,0.0,0.00415,0.01929,0.03983,0.00204,0.04087,0,0
253,250,4,1,1,1.6,0.00281,0.00281,1.59953,0.0,1.59953,0,0
254,250,250,25,0,0.0,0.00272,0.00521,0.04,0.00187,0.04087,0,0
255,250,250,25,0,0.0,0.00267,0.00519,0.04,0.00187,0.04086,1,0
256,250,250,25,0,0.0,0.00278,0.00518,0.04006,0.00191,0.0422,0,0
257,250,250,25,0,0.0,0.00287,0.00519,0.04001,0.00187,0.04086,0,0
258,250,250,25,0,0.0,0.00266,0.00511,0.04,0.00186,0.04086,0,0
259,250,250,25,0,0.0,0.0025,0.00492,0.03997,0.00186,0.04085,0,0
260,250,250,25,0,0.0,0.00254,0.00506,0.03986,0.00206,0.04184,0,0
261,250,43,5,0,0.0,0.00824,0.03228,0.04082,1e-05,0.04083,0,0
262,250,57,6,1,1.6,0.0025,0.00465,0.2999,0.58159,1.60037,0,0
263,250,250,25,0,0.0,0.00274,0.00517,0.04002,0.00187,0.04091,0,0
264,250,250,25,0,0.0,0.0028,0.00509,0.04001,0.00186,0.04086,0,0
265,250,250,25,0,0.0,0.00262,0.00517,0.03999,0.00187,0.04088,0,0
266,250,250,25,0,0.0,0.00265,0.00515,0.04,0.00187,0.04092,0,0
267,250,250,25,0,0.0,0.00272,0.00512,0.04,0.00186,0.04087,0,0
268,250,167,17,0,0.0,0.0033,0.01444,0.03991,0.00195,0.04086,0,0
269,250,0,0,0,1.0,,,,,,0,0
270,250,183,19,1,1.6,0.00254,0.00476,0.12212,0.3485,1.60066,0,0
271,250,250,25,0,0.0,0.00255,0.00508,0.03999,0.00187,0.04087,0,0
272,250,250,25,0,0.0,0.0027,0.00519,0.04003,0.00188,0.04099,0,0
273,250,250,25,0,0.0,0.0027,0.00512,0.03998,0.00188,0.04088,0,0
274,250,250,25,0,0.0,0.00259,0.00509,0.03998,0.00188,0.04087,0,0
275,250,250,25,0,0.0,0.00275,0.00507,0.04001,0.00187,0.04088,0,0
276,250,250,25,0,0.0,0.00279,0.00519,0.03998,0.00188,0.04086,0,0
277,250,250,25,0,0.0,0.00257,0.00498,0.03999,0.00188,0.04087,0,0
278,250,48,5,0,0.0,0.004,0.00897,0.03979,0.00201,0.0408,0,0
279,250,52,6,1,1.6,0.0025,0.00455,0.29988,0.58158,1.60032,0,0
280,250,250,25,0,0.0,0.00275,0.0051,0.04019,0.00165,0.04085,0,0
281,250,250,25,0,0.0,0.00271,0.00515,0.03999,0.00187,0.04085,0,0
282,250,250,25,0,0.0,0.00269,0.00515,0.03997,0.00187,0.04083,0,0
283,250,250,25,0,0.0,0.00261,0.00499,0.03999,0.00186,0.04089,0,0
284,250,207,21,0,0.0,0.00336,0.01258,0.03985,0.002,0.04085,0,0
285,250,0,0,0,1.0,,,,,,0,0
286,250,143,15,1,1.6,0.00251,0.00483,0.14415,0.38934,1.60091,0,0
287,250,250,25,0,0.0,0.00248,0.00491,0.04,0.00187,0.04095,0,0
288,250,250,25,0,0.0,0.00264,0.0051,0.03999,0.00186,0.04085,1,0
289,250,250,25,0,0.0,0.00273,0.00519,0.04,0.00182,0.04085,0,0
290,250,250,25,0,0.0,0.00259,0.00508,0.03998,0.00187,0.04089,0,0
291,250,250,25,0,0.0,0.00267,0.00512,0.04001,0.00186,0.04087,0,0
292,250,250,25,0,0.0,0.0027,0.00503,0.03999,0.00187,0.04088,0,0
293,250,250,25,0,0.0,0.00277,0.00519,0.03998,0.00187,0.041,0,0
294,250,104,11,0,0.0,0.00505,0.0244,0.03988,0.00198,0.04085,0,0
295,250,0,0,0,1.0,,,,,,0,0
296,250,246,25,1,1.6,0.00269,0.00519,0.10257,0.30566,1.59997,1,0
297,250,250,25,0,0.0,0.00254,0.00524,0.03982,0.00208,0.0421,0,0
298,250,250,25,0,0.0,0.00268,0.00506,0.04001,0.00186,0.0409,0,0
299,250,250,25,0,0.0,0.00269,0.00517,0.03999,0.00187,0.04085,0,0
300,250,250,25,0,0.0,0.00264,0.00505,0.04017,0.00166,0.04083,0,0
301,250,159,16,0,0.0,0.00299,0.00613,0.03986,0.002,0.04086,0,0
302,250,0,0,0,1.0,,,,,,0,0
303,250,191,20,1,1.6,0.00251,0.00499,0.11798,0.33987,1.59942,0,0
304,250,250,25,0,0.0,0.00264,0.00504,0.04,0.00186,0.04085,1,0
305,250,250,25,0,0.0,0.00262,0.0051,0.04,0.00187,0.04133,0,0
306,250,250,25,0,0.0,0.00265,0.00485,0.04001,0.00185,0.04092,0,0
307,250,250,25,0,0.0,0.00277,0.00515,0.04002,0.00185,0.04088,0,0
308,250,250,25,0,0.0,0.00256,0.00498,0.04001,0.00187,0.04085,0,0
309,250,205,21,0,0.0,0.0039,0.02437,0.04008,0.00181,0.04108,0,0
310,250,0,0,0,1.0,,,,,,0,0
311,250,145,15,1,1.6,0.00262,0.00505,0.14373,0.38923,1.60007,0,0
312,250,250,25,0,0.0,0.00278,0.00516,0.04019,0.00166,0.04085,0,0
313,250,250,25,0,0.0,0.00271,0.00517,0.03997,0.00187,0.04085,0,0
314,250,250,25,0,0.0,0.00268,0.00504,0.03998,0.00187,0.0409,0,0
315,250,250,25,0,0.0,0.00271,0.00513,0.04002,0.00187,0.04089,0,0
316,250,250,25,0,0.0,0.00275,0.00506,0.04003,0.00189,0.04114,0,0
317,250,104,11,0,0.0,0.00466,0.02783,0.03989,0.002,0.04087,0,0
318,250,0,0,0,1.0,,,,,,0,0
319,250,246,25,1,1.6,0.00287,0.00503,0.10245,0.30593,1.60117,0,0
320,250,250,25,0,0.0,0.00261,0.00509,0.04,0.00186,0.04086,1,0
321,250,250,25,0,0.0,0.00261,0.00515,0.03983,0.00207,0.0419,0,0
322,250,250,25,0,0.0,0.0027,0.00509,0.03999,0.00186,0.04085,0,0
323,250,250,25,0,0.0,0.00285,0.00525,0.04018,0.00165,0.04082,0,0
324,250,218,22,0,0.0,0.00287,0.01045,0.03988,0.00196,0.04086,0,0
325,250,0,0,0,1.0,,,,,,0,0
326,250,132,14,1,1.6,0.00298,0.00515,0.1515,0.40173,1.59995,0,0
327,250,250,25,0,0.0,0.00267,0.0051,0.04,0.00189,0.04085,0,0
328,250,250,25,0,0.0,0.00245,0.0046,0.04004,0.00187,0.04097,0,0
329,250,250,25,0,0.0,0.00273,0.0052,0.04001,0.00186,0.04092,0,0
330,250,250,25,0,0.0,0.00261,0.00506,0.04,0.00187,0.04086,0,0
331,250,250,25,0,0.0,0.00277,0.00512,0.04,0.00187,0.04086,0,0
332,250,250,25,0,0.0,0.00272,0.00521,0.03998,0.00186,0.04086,0,0
333,250,236,24,0,0.0,0.00334,0.01883,0.03995,0.0019,0.04086,0,0
334,250,0,0,0,1.0,,,,,,0,0
335,250,114,12,1,1.6,0.00263,0.00495,0.16985,0.43102,1.59937,0,0
336,250,250,25,0,0.0,0.0027,0.00497,0.03998,0.00186,0.04095,0,0
337,250,250,25,0,0.0,0.00285,0.00518,0.04019,0.00166,0.04087,0,0
338,250,250,25,0,0.0,0.00269,0.00504,0.03999,0.00187,0.04089,0,0
339,250,250,25,0,0.0,0.00269,0.00518,0.03999,0.00188,0.04087,0,0
340,250,250,25,0,0.0,0.00277,0.00518,0.03998,0.00187,0.04085,0,0
341,250,100,10,0,0.0,0.00274,0.00504,0.03981,0.00203,0.04088,0,0
342,250,0,0,0,1.0,,,,,,0,0
343,250,250,25,1,1.6,0.00264,0.00517,0.10401,0.31379,1.64124,0,0
344,250,250,25,0,0.0,0.0026,0.00495,0.03999,0.00187,0.04089,1,0
345,250,250,25,0,0.0,0.00259,0.00498,0.03999,0.00187,0.04124,0,0
346,250,250,25,0,0.0,0.0025,0.00485,0.04,0.00187,0.04098,0,0
347,250,250,25,0,0.0,0.0026,0.0051,0.03998,0.00187,0.04086,0,0
348,250,250,25,0,0.0,0.00269,0.00518,0.03998,0.00187,0.04083,0,0
349,250,250,25,0,0.0,0.00269,0.00501,0.04002,0.00186,0.04111,0,0
350,250,222,23,0,0.0,0.00421,0.03688,0.04014,0.00172,0.04086,0,0
351,250,0,0,0,1.0,,,,,,0,0
352,250,128,13,1,1.6,0.00319,0.00517,0.16001,0.41578,1.60029,0,0
353,250,250,25,0,0.0,0.00257,0.00496,0.03998,0.00187,0.04084,1,0
354,250,250,25,0,0.0,0.00268,0.00515,0.03999,0.00182,0.04085,0,0
355,250,250,25,0,0.0,0.00262,0.00495,0.03998,0.00186,0.0409,0,0
356,250,250,25,0,0.0,0.00249,0.00501,0.03998,0.00187,0.04085,0,0
357,250,250,25,0,0.0,0.00263,0.0052,0.04001,0.00185,0.04099,0,0
358,250,229,23,0,0.0,0.0027,0.00581,0.03992,0.00193,0.04087,0,0
359,250,0,0,0,1.0,,,,,,0,0
360,250,121,13,1,1.6,0.00274,0.00499,0.15998,0.41564,1.59978,1,0
361,250,250,25,0,0.0,0.00279,0.00517,0.04004,0.00183,0.04089,0,0
362,250,250,25,0,0.0,0.00284,0.005,0.04003,0.00187,0.04088,0,0
363,250,250,25,0,0.0,0.00261,0.00509,0.04,0.00188,0.04088,0,0
364,250,250,25,0,0.0,0.00255,0.00506,0.03998,0.00187,0.04087,0,0
365,250,250,25,0,0.0,0.00262,0.00503,0.04,0.00186,0.04086,0,0
366,250,150,15,0,0.0,0.00303,0.00506,0.04013,0.00173,0.04086,0,0
367,250,0,0,0,1.0,,,,,,0,0
368,250,200,20,1,1.6,0.00256,0.00496,0.1198,0.34786,1.63606,0,0
369,250,250,25,0,0.0,0.00265,0.00516,0.03998,0.00187,0.04082,0,0
370,250,250,25,0,0.0,0.00276,0.00504,0.04018,0.00166,0.04082,0,0
371,250,250,25,0,0.0,0.00262,0.00518,0.03997,0.00187,0.04084,0,0
372,250,250,25,0,0.0,0.00262,0.00504,0.03999,0.00187,0.04087,0,0
373,250,145,15,0,0.0,0.00362,0.02096,0.03982,0.00205,0.04104,0,0
374,250,0,0,0,1.0,,,,,,0,0
375,250,205,21,1,1.6,0.00241,0.00504,0.11428,0.33206,1.59929,0,0
376,250,250,25,0,0.0,0.00268,0.00499,0.03998,0.00187,0.04084,0,0
377,250,250,25,0,0.0,0.00286,0.00519,0.04001,0.00186,0.04087,0,0
378,250,250,25,0,0.0,0.00272,0.00518,0.04,0.00187,0.04085,0,0
379,250,250,25,0,0.0,0.0027,0.00504,0.04001,0.00187,0.04093,0,0
380,250,250,25,0,0.0,0.00249,0.00487,0.04001,0.00186,0.04088,0,0
381,250,250,25,0,0.0,0.00275,0.00521,0.04,0.00188,0.04092,0,0
382,250,159,16,0,0.0,0.00298,0.00755,0.04015,0.0017,0.04087,0,0
383,250,0,0,0,1.0,,,,,,0,0
384,250,191,20,1,1.6,0.0028,0.00517,0.11794,0.33992,1.5996,0,0
385,250,250,25,0,0.0,0.00273,0.00512,0.03999,0.00187,0.04087,1,0
386,250,235,24,0,0.0,0.00256,0.00502,0.03916,0.00436,0.04209,0,0
